%YAML:1.0
---
homography_matrix: !!opencv-matrix
   rows: 3
   cols: 3
   dt: d
   data: [ -2.2221650754164779e-01, -9.9563398177553120e-01,
       5.7034480297961738e+02, -3.9481871644304313e-02,
       -1.2918855884575882e+00, 6.1179234084906045e+02,
       -1.3160623881434771e-04, -2.5019314705006395e-03, 1. ]
