<?xml version="1.0"?>
<opencv_storage>
<homography_matrix type_id="opencv-matrix">
  <rows>3</rows>
  <cols>3</cols>
  <dt>d</dt>
  <data>
    9.6824232879701111e-01 1.4789989495893487e+00 1.3175912346406542e+02
    1.0168915725141342e-01 3.4596919131221440e+00
    -5.8314724306105290e+02 -9.3421573614531578e-05
    4.6621823048458482e-03 1.</data></homography_matrix>
</opencv_storage>
