<?xml version="1.0"?>
<opencv_storage>
<homography_matrix type_id="opencv-matrix">
  <rows>3</rows>
  <cols>3</cols>
  <dt>d</dt>
  <data>
    8.6751240300318144e-01 1.7132659481698265e+00 3.6100562686852200e+01
    -8.2673781347716496e-02 3.1385452246961729e+00
    -4.7509960449393071e+02 -1.5200622025446814e-04
    4.2831648704245657e-03 1.</data></homography_matrix>
</opencv_storage>
