%YAML:1.0
---
homography_matrix: !!opencv-matrix
   rows: 3
   cols: 3
   dt: d
   data: [ -7.8621586262989673e-01, -1.8660763997779246e+00,
       1.4595996264097930e+03, 4.6003233432307680e-02,
       -3.1494049123972112e+00, 1.6240134532477266e+03,
       -4.0199640586878788e-05, -2.7078803555340173e-03, 1. ]
