%YAML:1.0
---
homography_matrix: !!opencv-matrix
   rows: 3
   cols: 3
   dt: d
   data: [ -7.5190381528436634e-01, -2.8059964102751480e+00,
       1.1414785852820307e+03, 8.8479477371374515e-02,
       -4.0375926150292507e+00, 1.0138272610010465e+03,
       1.5476483077665401e-04, -5.6560257177541550e-03, 1. ]
