%YAML:1.0
---
image_height: 1080
image_width: 1920
Camera_matrix: !!opencv-matrix
   rows: 3
   cols: 3
   dt: d
   data: [ 7.9660744819250374e+02, 0., 1.0020705803328299e+03, 0.,
       7.9397052228385905e+02, 4.2569648560284998e+02, 0., 0., 1. ]
dist: !!opencv-matrix
   rows: 1
   cols: 5
   dt: d
   data: [ -1.5387400017508232e-01, 2.3631869644561817e-02,
       6.2070986998315713e-05, 1.9669434202948272e-04,
       -1.6671412005179664e-03 ]
rvecs: !!opencv-nd-matrix
   sizes: [ 1, 30, 3, 1 ]
   dt: d
   data: [ 1.6461977283076171e-01, 2.5237947207166021e-02,
       -1.5207758431887528e+00, -1.6928747710267439e-01,
       4.3345374186513036e-01, -1.5817308684261973e+00,
       -8.6391783779823136e-02, 1.4388002040934145e-01,
       -1.5131358353365665e+00, 8.9227622019580163e-02,
       3.9165218977930204e-02, -1.4984451524875482e+00,
       1.2892957223404772e-01, -1.4084083564680466e-02,
       -1.5345605958465538e+00, -3.2365047256383384e-01,
       3.9102732035873117e-01, -1.4202004338594958e+00,
       7.5229393233311104e-01, -4.7794285111406010e-01,
       -1.4767167773847105e+00, 5.2419045857874547e-01,
       3.9656488809764845e-01, -1.4683401516014307e+00,
       -4.8662356379920357e-01, -5.8532234435626906e-01,
       -1.3931618678868156e+00, -3.8598354552843828e-01,
       -4.2175933404565719e-01, -1.3074855332746513e+00,
       -4.7573349498655548e-01, -7.7222023753291499e-02,
       -1.4099317965875928e+00, 3.7082553288105607e-01,
       4.9412683271743657e-01, -1.4546530177032739e+00,
       -1.0991521627512524e-01, 2.5069965229422908e-01,
       -1.5242174194075115e+00, 5.3722197293420904e-01,
       2.1044570235324722e-01, -1.4541708923721393e+00,
       -1.0725494257449555e-01, -7.6215105841935971e-01,
       -1.4439197858167376e+00, 1.2429368010283734e-01,
       -1.8650093203164822e-01, -1.6051769737696566e+00,
       -4.2268696806615252e-01, 4.3309803669345148e-01,
       -1.5098642883850530e+00, 4.9073143363407312e-01,
       -3.5617538695873152e-01, -1.5526758448310249e+00,
       4.3657433900219755e-01, -2.4602520606565009e-01,
       -1.5081710973561619e+00, 2.2862820197441833e-01,
       2.2467220791902186e-02, -1.5194930966044653e+00,
       2.1930271953269043e-01, 7.1725634306725383e-01,
       -1.4898989605399628e+00, 8.2680247679596264e-01,
       2.2895419445909120e-03, -1.4867753887631054e+00,
       -5.6904735210137802e-01, 1.4364403916488755e-01,
       -1.4792392933726861e+00, 3.1563805636106418e-01,
       -4.1808004881048566e-01, -1.6643922276221330e+00,
       1.3633676655524646e-01, -3.3009962955806077e-01,
       -1.5756510050323971e+00, 8.5435097294541754e-02,
       -2.9394711908835114e-01, -1.5634741434470554e+00,
       -8.4671948577567213e-02, -1.2656720000965307e-01,
       -1.3963935977290385e+00, 1.5328130247961558e-01,
       -1.5944928758640237e-01, -1.5657546572977949e+00,
       -2.0035338181682549e-01, 3.9912599504886109e-01,
       -1.5768043442040589e+00, -1.2691273576394049e-01,
       1.7093122466405486e-01, -1.5305611383255180e+00 ]
tvecs: !!opencv-nd-matrix
   sizes: [ 1, 30, 3, 1 ]
   dt: d
   data: [ -5.0289207762752595e+00, 2.7940632102509841e+00,
       6.5723778687441170e+00, 2.9274378138633761e-01,
       2.4380395330044591e+00, 9.5261727604398843e+00,
       1.0990640389127633e+00, 5.3501149389056843e+00,
       8.0241596680376581e+00, -3.3260224685435400e+00,
       7.7677477626471196e+00, 1.0212029791074277e+01,
       -6.9058382964757714e-01, 3.5093328618577937e+00,
       5.5314760178945770e+00, -3.7154547529602793e+00,
       2.2581594387080246e+00, 1.1159594255635819e+01,
       -1.2248318171299690e+00, 3.2462616849525832e+00,
       9.4008507037207565e+00, -5.1123636062955189e+00,
       3.6413609243807477e+00, 1.1380465100249696e+01,
       -4.5307786996571551e+00, 2.1510132559260362e+00,
       1.1161202571629648e+01, -1.3923970450851739e+01,
       1.3553888600818060e+00, 1.0244471523928603e+01,
       -8.8626644500005358e-01, 2.8692236912197036e+00,
       7.3957783606775900e+00, -1.5299695350835552e+00,
       2.5104873411005597e+00, 7.9905562459907875e+00,
       7.0957105006250343e-01, 5.3620830912785484e+00,
       8.5250135339485080e+00, -8.0907318139806748e+00,
       2.0222041313742696e+00, 8.1236232032634526e+00,
       -8.3319144411060559e+00, 4.9761349088321500e+00,
       6.3512267304578156e+00, -1.1879276736494651e+00,
       3.1515401256637654e+00, 4.8970573655675027e+00,
       -2.5542590941573229e+00, 3.4488846318517115e+00,
       1.0663058327195850e+01, 1.3669582617666214e+00,
       3.0502557966563164e+00, 1.0289539750374875e+01,
       9.7651392060228326e-01, 5.6948814998757316e+00,
       9.6813315106457551e+00, -2.9034865233210714e+00,
       6.6324799940768200e+00, 9.6629080916823877e+00,
       -3.5665598023337473e+00, 3.8655330624489799e+00,
       1.0471295555303241e+01, -1.6518044841087451e+00,
       4.2620757841350239e+00, 8.1818101731300548e+00,
       -3.4844781374175957e+00, 3.2843215627772100e+00,
       1.1130892899731858e+01, -8.1615139900688725e+00,
       5.4164850820127857e+00, 5.8357892652675298e+00,
       -9.4068168757753554e+00, 5.1945649210296780e+00,
       5.9262042110974988e+00, -1.0009993066364382e+01,
       3.5514432070705038e+00, 6.1531065376233078e+00,
       -1.2154942774248397e+01, -2.4623435003583594e-01,
       7.3288480340040874e+00, -3.6814355242835606e+00,
       1.8335874237004675e+00, 6.9101985585188581e+00,
       -1.3657276657316356e-01, 2.2746546144118693e+00,
       8.9979476029481855e+00, -1.1482062526639203e+00,
       3.7111953581588706e+00, 7.3082827861117101e+00 ]
