%YAML:1.0
---
image_height: 480
image_width: 640
Camera_matrix: !!opencv-matrix
   rows: 3
   cols: 3
   dt: d
   data: [ 9.7457300418122395e+02, 0., 3.4127941315971901e+02, 0.,
       9.7890660549635970e+02, 1.8793640206113642e+02, 0., 0., 1. ]
dist: !!opencv-matrix
   rows: 1
   cols: 5
   dt: d
   data: [ 3.8354986261501661e-02, 5.1623101002097771e-01,
       -1.9821127417700014e-02, 3.8277473773708722e-03,
       -2.6572389588544381e+00 ]
rvecs: !!opencv-nd-matrix
   sizes: [ 1, 16, 3, 1 ]
   dt: d
   data: [ -8.7820811119914167e-03, 2.2974536915558275e-02,
       1.7452650263957539e+00, 1.2297691870920453e-03,
       -3.9458259232843587e-02, 1.3717756305486146e+00,
       7.4876525452387391e-02, -1.5425845548295153e-01,
       -1.5277016718559502e+00, 1.3170989052812324e-01,
       -1.7247869025726972e-01, -1.7294787159645333e+00,
       7.1422861473358010e-02, -1.5263700844984782e-01,
       -1.5432462404103335e+00, 7.3856689630737951e-02,
       -1.6196445997217462e-01, -1.5432406705690926e+00,
       8.5006383585758141e-02, 4.4162105152288064e-02,
       -1.5963165226760856e+00, 2.9036228817501893e-02,
       6.8274144198124720e-02, -1.5979226492266903e+00,
       6.9209052406027163e-02, -4.8943356405965845e-02,
       -1.5655930143970198e+00, 4.9830935763935554e-02,
       -4.1365000044161368e-02, -1.6035563652925389e+00,
       -1.1892904896702973e-01, -4.9386536718223226e-02,
       -1.4695503904535085e+00, 8.1001700275604611e-03,
       -8.0455705964093627e-02, -1.7559322649475408e+00,
       -2.2728964135632076e-02, 6.4115523308613045e-02,
       -2.0146066853468145e+00, -7.6708154295999165e-03,
       1.4816807208918242e-01, -2.1875230339113716e+00,
       -1.3529074921269276e-02, 1.7571591502101938e-01,
       -2.4096347249184147e+00, -1.8940356453163487e-01,
       2.2251537939746567e-02, -1.1861575505024033e+00 ]
tvecs: !!opencv-nd-matrix
   sizes: [ 1, 16, 3, 1 ]
   dt: d
   data: [ 3.2551377367886136e+00, -7.9605633696854944e-02,
       3.4726461672136040e+01, 3.9370215650346146e-01,
       3.5060085483451425e-01, 3.3308831041492489e+01,
       -3.6713835638624310e+00, 6.6262375529171882e+00,
       2.9835923897708369e+01, -4.9976562006744700e+00,
       8.3877857705402725e+00, 2.9046923026195142e+01,
       -2.4893661099122308e+00, 1.3497896632141286e+00,
       3.2710740623643005e+01, -8.5631877742503260e-01,
       1.0791798114422007e+00, 3.3399490326473995e+01,
       -8.7759898148773470e+00, 2.5397421609789368e+00,
       3.1162274394385395e+01, -8.9691926932487505e+00,
       7.7485287065218662e+00, 3.0194249248252056e+01,
       -1.2580490544829919e+00, 8.3890649458544839e+00,
       3.2216895455876212e+01, -3.5895175165112301e+00,
       7.0839839370361535e+00, 3.0489399606217319e+01,
       -1.4066296508896188e+00, 2.5484995508026365e+00,
       3.4666733785128699e+01, -4.8080520458168891e-01,
       5.3841659615091473e+00, 3.3914173433075085e+01,
       -2.6500638093351090e+00, 6.6114376630597258e+00,
       3.4865180869344783e+01, -3.8172405087100691e+00,
       7.8422996149647926e+00, 3.5677199095601878e+01,
       -4.1419130771556851e+00, 8.8746072152367486e+00,
       3.6163040810982622e+01, -3.8116796874446774e+00,
       2.7437163093200239e+00, 3.4556435462971123e+01 ]
