%YAML:1.0
---
homography_matrix: !!opencv-matrix
   rows: 3
   cols: 3
   dt: d
   data: [ 2.4540411958383066e+00, 2.5034939522606154e+00,
       -8.9442241006710401e+02, -6.7814919340319157e-01,
       7.2939027828652581e+00, -1.8151021380106190e+03,
       -3.4001189315841873e-04, 5.5351641350563953e-03, 1. ]
