%YAML:1.0
---
image_height: 1080
image_width: 1920
Camera_matrix: !!opencv-matrix
   rows: 3
   cols: 3
   dt: d
   data: [ 7.9660744245178330e+02, 0., 1.0020705743650007e+03, 0.,
       7.9397051495772041e+02, 4.2569648877754616e+02, 0., 0., 1. ]
dist: !!opencv-matrix
   rows: 1
   cols: 5
   dt: d
   data: [ -1.5387399965185916e-01, 2.3631869446093429e-02,
       6.2071285392589073e-05, 1.9669460142605888e-04,
       -1.6671411680069187e-03 ]
rvecs: !!opencv-nd-matrix
   sizes: [ 1, 30, 3, 1 ]
   dt: d
   data: [ 1.6461977114418100e-01, 2.5237949648292270e-02,
       -1.5207758436626153e+00, -1.6928748003788568e-01,
       4.3345374444505913e-01, -1.5817308680090119e+00,
       -8.6391785912386623e-02, 1.4388002355095228e-01,
       -1.5131358361268954e+00, 8.9227618193271893e-02,
       3.9165220837881543e-02, -1.4984451537184516e+00,
       1.2892956978038750e-01, -1.4084078479832389e-02,
       -1.5345605973338639e+00, -3.2365037618730907e-01,
       3.9102736576819536e-01, -1.4202004159263741e+00,
       7.5229392971345077e-01, -4.7794284397575931e-01,
       -1.4767167812645381e+00, 5.2419045522589380e-01,
       3.9656489229778058e-01, -1.4683401538954426e+00,
       -4.8662356294246834e-01, -5.8532233485864993e-01,
       -1.3931618671685291e+00, -3.8598354190376166e-01,
       -4.2175932993230802e-01, -1.3074855319631642e+00,
       -4.7573349205579035e-01, -7.7222015018555690e-02,
       -1.4099317970541982e+00, 3.7082552857655493e-01,
       4.9412683657303591e-01, -1.4546530199494327e+00,
       -1.0991521933628109e-01, 2.5069965435122493e-01,
       -1.5242174199061680e+00, 5.3722197192490539e-01,
       2.1044570581281830e-01, -1.4541708929477963e+00,
       -1.0725494122520088e-01, -7.6215105247867765e-01,
       -1.4439197853900505e+00, 1.2429367845226900e-01,
       -1.8650092570660406e-01, -1.6051769750235130e+00,
       -4.2268697143922113e-01, 4.3309804152500392e-01,
       -1.5098642868987546e+00, 4.9073143086556742e-01,
       -3.5617537958411927e-01, -1.5526758478842497e+00,
       4.3657433539601809e-01, -2.4602520041918929e-01,
       -1.5081711002448521e+00, 2.2862819814868746e-01,
       2.2467223258856549e-02, -1.5194930983034485e+00,
       2.1930271554158315e-01, 7.1725634754627221e-01,
       -1.4898989621347987e+00, 8.2680247314529298e-01,
       2.2895470869431964e-03, -1.4867753933501537e+00,
       -5.6904735285393038e-01, 1.4364404704153882e-01,
       -1.4792392918776740e+00, 3.1563805502603276e-01,
       -4.1808004477569194e-01, -1.6643922280338830e+00,
       1.3633676714992179e-01, -3.3009962581972557e-01,
       -1.5756510045085483e+00, 8.5435101112049286e-02,
       -2.9394711345678443e-01, -1.5634741421429659e+00,
       -8.4671943461930424e-02, -1.2656719501387345e-01,
       -1.3963935959477851e+00, 1.5328130516144997e-01,
       -1.5944928188665483e-01, -1.5657546575104628e+00,
       -2.0035339398970925e-01, 3.9912600701973650e-01,
       -1.5768043377911072e+00, -1.2691273770017034e-01,
       1.7093122732758162e-01, -1.5305611384360804e+00 ]
tvecs: !!opencv-nd-matrix
   sizes: [ 1, 30, 3, 1 ]
   dt: d
   data: [ -5.0289207246905079e+00, 2.7940631836024452e+00,
       6.5723778271031179e+00, 2.9274384690978128e-01,
       2.4380394974267774e+00, 9.5261727056224146e+00,
       1.0990640991949132e+00, 5.3501149105439403e+00,
       8.0241596083844264e+00, -3.3260223875607102e+00,
       7.7677477323910056e+00, 1.0212029728517154e+01,
       -6.9058378655293973e-01, 3.5093328416214127e+00,
       5.5314759811541618e+00, -3.7154546878677261e+00,
       2.2581592945649871e+00, 1.1159594286098708e+01,
       -1.2248317437923673e+00, 3.2462616481824278e+00,
       9.4008506272541830e+00, -5.1123635229000381e+00,
       3.6413608884961235e+00, 1.1380465049522465e+01,
       -4.5307786155693783e+00, 2.1510132144741361e+00,
       1.1161202513059189e+01, -1.3923970355969029e+01,
       1.3553888033068533e+00, 1.0244471448130577e+01,
       -8.8626638590429185e-01, 2.8692236678291758e+00,
       7.3957783303254718e+00, -1.5299694766742635e+00,
       2.5104873192170269e+00, 7.9905562153301615e+00,
       7.0957111355532931e-01, 5.3620830643164945e+00,
       8.5250134771241619e+00, -8.0907317503005594e+00,
       2.0222040962396526e+00, 8.1236231571087263e+00,
       -8.3319143762636898e+00, 4.9761348780028323e+00,
       6.3512266831385675e+00, -1.1879276344770433e+00,
       3.1515401064982385e+00, 4.8970573329964981e+00,
       -2.5542590219958048e+00, 3.4488845959380674e+00,
       1.0663058294760773e+01, 1.3669583371701659e+00,
       3.0502557560027013e+00, 1.0289539661117448e+01,
       9.7651399448309528e-01, 5.6948814618170793e+00,
       9.6813314306824410e+00, -2.9034864463093086e+00,
       6.6324799633624449e+00, 9.6629080303165669e+00,
       -3.5665597310472896e+00, 3.8655330378308461e+00,
       1.0471295528218215e+01, -1.6518044179916893e+00,
       4.2620757581058708e+00, 8.1818101261802330e+00,
       -3.4844780575107466e+00, 3.2843215221619841e+00,
       1.1130892865580886e+01, -8.1615139289834318e+00,
       5.4164850500664912e+00, 5.8357892209395423e+00,
       -9.4068168141089021e+00, 5.1945648871556580e+00,
       5.9262041672207522e+00, -1.0009993005470015e+01,
       3.5514431714807779e+00, 6.1531064955442547e+00,
       -1.2154942695564401e+01, -2.4623439628904678e-01,
       7.3288479584628758e+00, -3.6814354669700213e+00,
       1.8335873938513745e+00, 6.9101985052603565e+00,
       -1.3657269703734659e-01, 2.2746545471636792e+00,
       8.9979476178568287e+00, -1.1482062002316693e+00,
       3.7111953318458060e+00, 7.3082827403998296e+00 ]
