%YAML:1.0
---
homography_matrix: !!opencv-matrix
   rows: 3
   cols: 3
   dt: d
   data: [ -1.4306216672286549e+00, -3.8546590309492075e+00,
       1.9147729474948724e+03, 1.5128924189965628e-01,
       -6.8390888904386982e+00, 1.9397736632030537e+03,
       2.1612748842808109e-04, -5.6028205554063647e-03, 1. ]
