<?xml version="1.0"?>
<opencv_storage>
<homography_matrix type_id="opencv-matrix">
  <rows>3</rows>
  <cols>1</cols>
  <dt>"3f"</dt>
  <data>
    1.34818506e+00 2.29868364e+00 -2.30240402e+02 2.95880418e-02
    3.90146089e+00 -4.28973755e+02 5.01446129e-06 4.71995817e-03 1.</data></homography_matrix>
</opencv_storage>
